[p2] HLL/CPC calibration  blocks(n,R)=[(10000, 20), (100000, 20), (1000000, 8)]  lg_k=[8, 9, 10, 11, 12, 13, 14]
     真基数精确已知（0..n-1 的置换）；relSD = SD(est)/n；theory = 1.04/sqrt(m)

        n   R  lg_k      m kind   relbias      relSD    theory  SD/theory   b_upd   b_cmp
-----------------------------------------------------------------------------------------
    10000  20     8    256  hll  +0.02876   0.030208  0.065000     0.4647     296     296
    10000  20     8    256  cpc  +0.04764   0.014808  0.065000     0.2278     192     192
    10000  20     9    512  hll  +0.03065   0.021523  0.045962     0.4683     552     552
    10000  20     9    512  cpc  +0.03150   0.011693  0.045962     0.2544     348     348
    10000  20    10   1024  hll  +0.04002   0.013733  0.032500     0.4225    1064    1064
    10000  20    10   1024  cpc  +0.02474   0.006058  0.032500     0.1864     656     656
    10000  20    11   2048  hll  -0.00433   0.009810  0.022981     0.4269    2088    2088
    10000  20    11   2048  cpc  -0.00552   0.003337  0.022981     0.1452    1264    1264
    10000  20    12   4096  hll  -0.00275   0.004922  0.016250     0.3029    4136    4136
    10000  20    12   4096  cpc  -0.00752   0.001788  0.016250     0.1100    2264    2264
    10000  20    13   8192  hll  -0.00931   0.003257  0.011490     0.2834    8232    8232
    10000  20    13   8192  cpc  -0.00774   0.000746  0.011490     0.0649    3556    3556
    10000  20    14  16384  hll  -0.00442   0.002427  0.008125     0.2987   16424   16424
    10000  20    14  16384  cpc  -0.00362   0.000361  0.008125     0.0444    5044    5044
   100000  20     8    256  hll  -0.00866   0.023326  0.065000     0.3589     296     296
   100000  20     8    256  cpc  +0.00511   0.013895  0.065000     0.2138     196     196
   100000  20     9    512  hll  +0.02555   0.014584  0.045962     0.3173     552     552
   100000  20     9    512  cpc  +0.05802   0.011964  0.045962     0.2603     344     344
   100000  20    10   1024  hll  +0.04092   0.013502  0.032500     0.4154    1064    1064
   100000  20    10   1024  cpc  +0.03312   0.008389  0.032500     0.2581     656     656
   100000  20    11   2048  hll  +0.01884   0.011021  0.022981     0.4795    2088    2088
   100000  20    11   2048  cpc  +0.00668   0.005193  0.022981     0.2260    1272    1272
   100000  20    12   4096  hll  +0.01329   0.007084  0.016250     0.4359    4136    4136
   100000  20    12   4096  cpc  +0.00265   0.003110  0.016250     0.1914    2504    2504
   100000  20    13   8192  hll  +0.00331   0.004939  0.011490     0.4298    8232    8232
   100000  20    13   8192  cpc  +0.00001   0.002565  0.011490     0.2232    4964    4964
   100000  20    14  16384  hll  +0.00190   0.003352  0.008125     0.4126   16424   16424
   100000  20    14  16384  cpc  +0.00014   0.001512  0.008125     0.1861    9804    9804
  1000000   8     8    256  hll  +0.04352   0.036188  0.065000     0.5567     296     296
  1000000   8     8    256  cpc  +0.01705   0.010522  0.065000     0.1619     204     204
  1000000   8     9    512  hll  -0.00379   0.021695  0.045962     0.4720     552     552
  1000000   8     9    512  cpc  -0.00557   0.006107  0.045962     0.1329     360     360
  1000000   8    10   1024  hll  -0.00922   0.012285  0.032500     0.3780    1064    1064
  1000000   8    10   1024  cpc  -0.02181   0.006081  0.032500     0.1871     676     676
  1000000   8    11   2048  hll  -0.00252   0.007539  0.022981     0.3280    2088    2088
  1000000   8    11   2048  cpc  -0.00678   0.005243  0.022981     0.2281    1284    1284
  1000000   8    12   4096  hll  -0.00954   0.011286  0.016250     0.6945    4136    4136
  1000000   8    12   4096  cpc  -0.00289   0.004207  0.016250     0.2589    2496    2496
  1000000   8    13   8192  hll  -0.00258   0.005590  0.011490     0.4865    8232    8232
  1000000   8    13   8192  cpc  -0.00381   0.002155  0.011490     0.1875    4932    4932
  1000000   8    14  16384  hll  -0.00543   0.004964  0.008125     0.6110   16424   16424
  1000000   8    14  16384  cpc  -0.00458   0.001559  0.008125     0.1919    9816    9816

[p2] --- I-4 判定：SD/theory ∈ [0.85,1.15]，仅对 rho=n/m ≥ 2.5 的渐近区 ---
        n  lg_k kind      rho  SD/theory  verdict
    10000     8  cpc    39.06     0.2278  FAIL
    10000     8  hll    39.06     0.4647  FAIL
    10000     9  cpc    19.53     0.2544  FAIL
    10000     9  hll    19.53     0.4683  FAIL
    10000    10  cpc     9.77     0.1864  FAIL
    10000    10  hll     9.77     0.4225  FAIL
    10000    11  cpc     4.88     0.1452  FAIL
    10000    11  hll     4.88     0.4269  FAIL
    10000    12  cpc     2.44     0.1100  n/a (rho<2.5)
    10000    12  hll     2.44     0.3029  n/a (rho<2.5)
    10000    13  cpc     1.22     0.0649  n/a (rho<2.5)
    10000    13  hll     1.22     0.2834  n/a (rho<2.5)
    10000    14  cpc     0.61     0.0444  n/a (rho<2.5)
    10000    14  hll     0.61     0.2987  n/a (rho<2.5)
   100000     8  cpc   390.62     0.2138  FAIL
   100000     8  hll   390.62     0.3589  FAIL
   100000     9  cpc   195.31     0.2603  FAIL
   100000     9  hll   195.31     0.3173  FAIL
   100000    10  cpc    97.66     0.2581  FAIL
   100000    10  hll    97.66     0.4154  FAIL
   100000    11  cpc    48.83     0.2260  FAIL
   100000    11  hll    48.83     0.4795  FAIL
   100000    12  cpc    24.41     0.1914  FAIL
   100000    12  hll    24.41     0.4359  FAIL
   100000    13  cpc    12.21     0.2232  FAIL
   100000    13  hll    12.21     0.4298  FAIL
   100000    14  cpc     6.10     0.1861  FAIL
   100000    14  hll     6.10     0.4126  FAIL
  1000000     8  cpc  3906.25     0.1619  FAIL
  1000000     8  hll  3906.25     0.5567  FAIL
  1000000     9  cpc  1953.12     0.1329  FAIL
  1000000     9  hll  1953.12     0.4720  FAIL
  1000000    10  cpc   976.56     0.1871  FAIL
  1000000    10  hll   976.56     0.3780  FAIL
  1000000    11  cpc   488.28     0.2281  FAIL
  1000000    11  hll   488.28     0.3280  FAIL
  1000000    12  cpc   244.14     0.2589  FAIL
  1000000    12  hll   244.14     0.6945  FAIL
  1000000    13  cpc   122.07     0.1875  FAIL
  1000000    13  hll   122.07     0.4865  FAIL
  1000000    14  cpc    61.04     0.1919  FAIL
  1000000    14  hll    61.04     0.6110  FAIL
  => PASS=0 FAIL=36

[p2] --- I-18 标度律（基数族要求 expo ∈ [-0.55,-0.45]，SD ∝ m^-0.5） ---
  n=10000     hll  expo=-0.6372 R2=0.9912 -> FAIL
  n=10000     cpc  expo=-0.9208 R2=0.9842 -> FAIL
  n=100000    hll  expo=-0.4447 R2=0.9738 -> FAIL
  n=100000    cpc  expo=-0.5527 R2=0.9843 -> FAIL
  n=1000000   hll  expo=-0.4512 R2=0.8769 -> FAIL
  n=1000000   cpc  expo=-0.4215 R2=0.9227 -> FAIL

[p2] --- CPC vs HLL 等误差口径空间节省比（compact 字节，log-log 插值） ---
        n   target_SD  bytes_hll  bytes_cpc   cpc/hll
    10000      0.0500      o-o-r      o-o-r         -
    10000      0.0200      o-o-r      o-o-r         -
    10000      0.0100       2009        405    0.2014
   100000      0.0500      o-o-r      o-o-r         -
   100000      0.0200      o-o-r      o-o-r         -
   100000      0.0100       2427        477    0.1964
  1000000      0.0500      o-o-r      o-o-r         -
  1000000      0.0200      o-o-r      o-o-r         -
  1000000      0.0100       3370        215    0.0638

[p2] done in 12.9s
